System
1.0
8.956578 0.0 0.0
0.0 8.956578 0.0
0.0 0.0 8.956578
B H O 
24 24 48 
direct
0.19202495712090997 0.5816638701147089 0.2829219368236537 B
0.4183359065857727 0.717077839876828 0.19202495712090997 B
0.2829219368236537 0.8079748195795717 0.4183359065857727 B
0.8079748195795717 0.4183359065857727 0.2829219368236537 B
0.5816638701147089 0.2829219368236537 0.19202495712090997 B
0.717077839876828 0.19202495712090997 0.4183359065857727 B
0.19202495712090997 0.4183359065857727 0.717077839876828 B
0.4183359065857727 0.2829219368236537 0.8079748195795717 B
0.2829219368236537 0.19202495712090997 0.5816638701147089 B
0.8079748195795717 0.5816638701147089 0.717077839876828 B
0.5816638701147089 0.717077839876828 0.8079748195795717 B
0.717077839876828 0.8079748195795717 0.5816638701147089 B
0.6920248454711508 0.7829218251738945 0.08166398176446814 B
0.9183357949360136 0.6920248454711508 0.21707795152658715 B
0.7829218251738945 0.9183357949360136 0.30797493122933084 B
0.30797493122933084 0.7829218251738945 0.9183357949360136 B
0.08166398176446814 0.6920248454711508 0.7829218251738945 B
0.21707795152658715 0.9183357949360136 0.6920248454711508 B
0.6920248454711508 0.21707795152658715 0.9183357949360136 B
0.9183357949360136 0.30797493122933084 0.7829218251738945 B
0.7829218251738945 0.08166398176446814 0.6920248454711508 B
0.30797493122933084 0.21707795152658715 0.08166398176446814 B
0.08166398176446814 0.30797493122933084 0.21707795152658715 B
0.21707795152658715 0.08166398176446814 0.30797493122933084 B
0.1656369630133377 0.6104668636830128 0.5683778730814664 H
0.38953291301746873 0.4316219036190153 0.1656369630133377 H
0.5683778730814664 0.8343628136871439 0.38953291301746873 H
0.8343628136871439 0.38953291301746873 0.5683778730814664 H
0.6104668636830128 0.5683778730814664 0.1656369630133377 H
0.4316219036190153 0.1656369630133377 0.38953291301746873 H
0.1656369630133377 0.38953291301746873 0.4316219036190153 H
0.38953291301746873 0.5683778730814664 0.8343628136871439 H
0.5683778730814664 0.1656369630133377 0.6104668636830128 H
0.8343628136871439 0.6104668636830128 0.4316219036190153 H
0.6104668636830128 0.4316219036190153 0.8343628136871439 H
0.4316219036190153 0.8343628136871439 0.6104668636830128 H
0.6656368513635785 0.06837798473122553 0.1104669753327721 H
0.8895328013677096 0.6656368513635785 0.931621791969256 H
0.06837798473122553 0.8895328013677096 0.33436292533690315 H
0.33436292533690315 0.06837798473122553 0.8895328013677096 H
0.1104669753327721 0.6656368513635785 0.06837798473122553 H
0.931621791969256 0.8895328013677096 0.6656368513635785 H
0.6656368513635785 0.931621791969256 0.8895328013677096 H
0.8895328013677096 0.33436292533690315 0.06837798473122553 H
0.06837798473122553 0.1104669753327721 0.6656368513635785 H
0.33436292533690315 0.931621791969256 0.1104669753327721 H
0.1104669753327721 0.33436292533690315 0.931621791969256 H
0.931621791969256 0.1104669753327721 0.33436292533690315 H
0.19960495542829965 0.6683148507655824 0.4193229063653761 O
0.3316849259348993 0.5806768703351056 0.19960495542829965 O
0.4193229063653761 0.800394821272182 0.3316849259348993 O
0.800394821272182 0.3316849259348993 0.4193229063653761 O
0.6683148507655824 0.4193229063653761 0.19960495542829965 O
0.5806768703351056 0.19960495542829965 0.3316849259348993 O
0.19960495542829965 0.3316849259348993 0.5806768703351056 O
0.3316849259348993 0.4193229063653761 0.800394821272182 O
0.4193229063653761 0.19960495542829965 0.6683148507655824 O
0.800394821272182 0.6683148507655824 0.5806768703351056 O
0.6683148507655824 0.5806768703351056 0.800394821272182 O
0.5806768703351056 0.800394821272182 0.6683148507655824 O
0.6996048437785405 0.9193227947156168 0.16831496241534158 O
0.8316848142851401 0.6996048437785405 0.08067698198486477 O
0.9193227947156168 0.8316848142851401 0.30039493292194125 O
0.30039493292194125 0.9193227947156168 0.8316848142851401 O
0.16831496241534158 0.6996048437785405 0.9193227947156168 O
0.08067698198486477 0.8316848142851401 0.6996048437785405 O
0.6996048437785405 0.08067698198486477 0.8316848142851401 O
0.8316848142851401 0.30039493292194125 0.9193227947156168 O
0.9193227947156168 0.16831496241534158 0.6996048437785405 O
0.30039493292194125 0.08067698198486477 0.16831496241534158 O
0.16831496241534158 0.30039493292194125 0.08067698198486477 O
0.08067698198486477 0.16831496241534158 0.30039493292194125 O
0.07343198360266977 0.6449958559727039 0.1775209603596462 O
0.3550039207277778 0.8224788163408354 0.07343198360266977 O
0.1775209603596462 0.9265677930978118 0.3550039207277778 O
0.9265677930978118 0.3550039207277778 0.1775209603596462 O
0.6449958559727039 0.1775209603596462 0.07343198360266977 O
0.8224788163408354 0.07343198360266977 0.3550039207277778 O
0.07343198360266977 0.3550039207277778 0.8224788163408354 O
0.3550039207277778 0.1775209603596462 0.9265677930978118 O
0.1775209603596462 0.07343198360266977 0.6449958559727039 O
0.9265677930978118 0.6449958559727039 0.8224788163408354 O
0.6449958559727039 0.8224788163408354 0.9265677930978118 O
0.8224788163408354 0.9265677930978118 0.6449958559727039 O
0.5734318719529107 0.677520848709887 0.14499596762246306 O
0.8550038090780187 0.5734318719529107 0.32247892799059463 O
0.677520848709887 0.8550038090780187 0.42656790474757106 O
0.42656790474757106 0.677520848709887 0.8550038090780187 O
0.14499596762246306 0.5734318719529107 0.677520848709887 O
0.32247892799059463 0.8550038090780187 0.5734318719529107 O
0.5734318719529107 0.32247892799059463 0.8550038090780187 O
0.8550038090780187 0.42656790474757106 0.677520848709887 O
0.677520848709887 0.14499596762246306 0.5734318719529107 O
0.42656790474757106 0.32247892799059463 0.14499596762246306 O
0.14499596762246306 0.42656790474757106 0.32247892799059463 O
0.32247892799059463 0.14499596762246306 0.42656790474757106 O
